Dataset	TargetID	Code	EmpiricalFormula	ChargeState	Scan	ScanStart	ScanEnd	NumMSSummed	NET	NETError	NumChromPeaksWithinTol	NumQualityChromPeaksWithinTol	MonoisotopicMass	MonoisotopicMassCalibrated	MassErrorBefore	MassErrorAfter	MonoMZ	IntensityRep	FitScore	IScore	FailureType	ErrorDescription	MatchedMassTagID	NumHQProfilePeaks	FitScoreLabeled	AreaDifferenceCurve	AreaRatioCurve	AreaRatioCurveRevised	ChromCorrMin	ChromCorrMax	ChromCorrAverage	ChromCorrMedian	ChromCorrStdev	NumCarbonsLabelled	PercentCarbonsLabelled	PercentPeptidesLabelled	ContigScore	RSquared	ValidationCode
Yellow_C13_070_23Mar10_Griffin_10-01-28	7220		C57H94N14O26	2	5803	5784	5834	1	0.33664	-0.336637	2	0	1390.64852	1390.64852	1.54	1.54	696.33153	648833.1	0.0028	0.0000			182755211	9	0.2028	0.022	1067.161	275.844	0.01372	0.99921	0.84688	0.96444	0.30445	5.985	10.50	2.35	4	0.9893	
Yellow_C13_070_23Mar10_Griffin_10-01-28	7585		C63H109N17O21	2	11805	11777	11826	1	0.68388	-0.683878	1	0	1439.80479	1439.80479	4.44	4.44	720.90967	124672.3	0.0013	0.0000			354870998	8	0.1711	0.048	82.794	82.794	0.97900	0.99977	0.99474	0.99653	0.00694	4.883	7.75	3.60	4	0.9991	
Yellow_C13_070_23Mar10_Griffin_10-01-28	7698		C67H111N19O17	2	9081	9053	9114	1	0.52643	-0.526426	2	0	1453.84214	1453.84214	1.11	1.11	727.92835	33077.5	0.0379	0.0199			355177712	5	0.6128	0.015	2.181	-0.209	0.70017	0.99574	0.93312	0.97443	0.11561	3.518	5.25	7.25	1	0.0000	
Yellow_C13_070_23Mar10_Griffin_10-01-28	7698		C66H115N15O21	2	9081	9053	9114	1	0.52643	-0.526426	2	0	1453.84214	1453.84214	2.03	2.03	727.92835	33077.5	0.0316	0.0199			344957813	5	0.6131	0.016	2.159	-0.139	0.70017	0.99574	0.93312	0.97443	0.11561	3.630	5.50	6.35	1	0.0000	
Yellow_C13_070_23Mar10_Griffin_10-01-28	7699		C66H115N15O21	2	9421	9388	9448	1	0.54578	-0.545781	2	0	1453.84357	1453.84357	3.00	3.00	727.92906	64506.39	0.0188	0.0146			344979629	6	0.2302	0.068	52.232	3.763	0.45356	0.99880	0.90230	0.98679	0.20103	3.465	5.25	8.80	3	0.9968	
Yellow_C13_070_23Mar10_Griffin_10-01-28	7699		C67H111N19O17	2	9421	9388	9448	1	0.54578	-0.545781	2	0	1453.84357	1453.84357	2.08	2.08	727.92906	64506.39	0.0235	0.0146			355177712	6	0.2301	0.066	59.102	3.794	0.45356	0.99880	0.90230	0.98679	0.20103	3.518	5.25	9.55	3	0.9966	
Yellow_C13_070_23Mar10_Griffin_10-01-28	7699		C66H115N15O21	2	9421	9388	9448	1	0.54578	-0.545781	2	0	1453.84357	1453.84357	3.00	3.00	727.92906	64506.39	0.0188	0.0146			344957813	6	0.2302	0.068	52.232	3.763	0.45356	0.99880	0.90230	0.98679	0.20103	3.465	5.25	8.80	3	0.9968	
Yellow_C13_070_23Mar10_Griffin_10-01-28	7700		C67H111N19O17	2	-1	0	0	0	-1.00000	1.000000	0	0	1453.84053	0.00000	-1000000.00	-1000000.00	727.92754	0	1.0000	1.0000	ChromDataNotFound		355177712	0	0.0000	0.000	0.000	0.000	0.00000	0.00000	0.00000	0.00000	-1.00000	0.000	0.00	0.00	0	0.0000	
Yellow_C13_070_23Mar10_Griffin_10-01-28	7700		C66H115N15O21	2	-1	0	0	0	-1.00000	1.000000	0	0	1453.83920	0.00000	-1000000.00	-1000000.00	727.92687	0	1.0000	1.0000	ChromDataNotFound		344957813	0	0.0000	0.000	0.000	0.000	0.00000	0.00000	0.00000	0.00000	-1.00000	0.000	0.00	0.00	0	0.0000	
Yellow_C13_070_23Mar10_Griffin_10-01-28	7700		C66H115N15O21	2	-1	0	0	0	-1.00000	1.000000	0	0	1453.83920	0.00000	-1000000.00	-1000000.00	727.92687	0	1.0000	1.0000	ChromDataNotFound		344979629	0	0.0000	0.000	0.000	0.000	0.00000	0.00000	0.00000	0.00000	-1.00000	0.000	0.00	0.00	0	0.0000	
Yellow_C13_070_23Mar10_Griffin_10-01-28	8517		C64H110N22O22	2	8499	8469	8523	1	0.49235	-0.492351	2	0	1538.82325	1538.82325	4.38	4.38	770.41890	1774034	0.0030	0.0000			355157363	10	0.0326	0.442	6105.250	6105.250	0.97098	0.99994	0.99377	0.99643	0.00922	4.000	6.25	15.33	9	0.9976	
Yellow_C13_070_23Mar10_Griffin_10-01-28	8517		C64H110N22O22	2	8499	8469	8523	1	0.49235	-0.492351	2	0	1538.82325	1538.82325	4.38	4.38	770.41890	1774034	0.0030	0.0000			355035161	10	0.0326	0.442	6105.250	6105.250	0.97098	0.99994	0.99377	0.99643	0.00922	4.000	6.25	15.33	9	0.9976	
Yellow_C13_070_23Mar10_Griffin_10-01-28	8517		C72H114N16O19S	2	8499	8469	8523	1	0.49235	-0.492351	2	0	1538.82325	1538.82325	4.26	4.26	770.41890	1774034	0.0026	0.0000			355176429	10	0.1422	0.274	1185.912	1185.912	0.97098	0.99994	0.99377	0.99643	0.00922	4.680	6.50	10.88	6	0.9935	
Yellow_C13_070_23Mar10_Griffin_10-01-28	8517		C68H114N16O24	2	8499	8469	8523	1	0.49235	-0.492351	2	0	1538.82325	1538.82325	2.64	2.64	770.41890	1774034	0.0014	0.0000			354873302	11	0.0295	0.385	85635.460	18535.029	0.38254	0.99994	0.94059	0.99588	0.17611	4.420	6.50	13.78	10	0.9983	
Yellow_C13_070_23Mar10_Griffin_10-01-28	8518		C67H114N18O21S	2	6391	6359	6413	1	0.37007	-0.370074	5	0	1538.81516	1538.81516	1.62	1.62	770.41486	213705.9	0.0344	0.0127			354882656	4	1.0000	0.000	187.301	-0.955	0.00001	0.99957	0.52051	0.59365	0.48505	-0.670	0.00	0.00	0	0.9947	
Yellow_C13_070_23Mar10_Griffin_10-01-28	8586		C66H109N23O20	2	6501	6479	6532	1	0.37697	-0.376970	4	0	1543.82440	1543.82440	1.60	1.60	772.91948	817131.8	0.0059	0.0000			355162540	11	0.0378	0.341	124970.344	124970.344	0.00603	0.99978	0.77442	0.98804	0.37099	4.455	6.75	14.22	9	0.9916	
Yellow_C13_070_23Mar10_Griffin_10-01-28	8616		C65H109N15O26S	2	12579	12553	12601	1	0.72885	-0.728848	2	0	1547.74317	1547.74317	2.76	2.76	774.87886	36777.16	0.0076	0.0000			344968841	10	0.1242	0.130	736.982	736.982	0.92808	0.99932	0.98066	0.98855	0.02197	4.063	6.25	7.61	5	0.9937	
Yellow_C13_070_23Mar10_Griffin_10-01-28	8617		C65H109N15O26S	2	12170	12146	12192	1	0.70520	-0.705204	2	0	1547.74468	1547.74468	3.74	3.74	774.87962	1061.49	0.0257	0.1521			344968841	3	0.5764	0.128	-1.828	0.172	0.91730	0.97346	0.96358	0.97346	0.04223	1.625	2.50	0.00	1	0.0000	
Yellow_C13_070_23Mar10_Griffin_10-01-28	8618		C68H105N23O19	2	2419	2400	2448	1	0.14047	-0.140473	2	0	1547.79976	1547.79976	2.61	2.61	774.90715	62227.37	0.0057	0.0000			355059626	8	0.3446	0.046	26.060	26.060	0.85903	0.99940	0.96197	0.99252	0.05355	3.910	5.75	5.45	5	0.8900	
